H#0.2,2.5,7,9,0,0.24,0.2#120,1,0,0
H#0.2,2.5,7,9,0,0.24,0.2#1120,0,0,0
H#0.2,2.5,7,9,0,0.24,0.2#1800,0,0,0
H#0.2,2.5,7,9,0,0.24,0.2#440,1,1,0
H#0.2,2.5,7,9,0,0.24,0.2#420,1,0,0
H#0.2,2.5,7,9,0,0.24,0.2#180,0,0,0
H#0.2,2.5,7,9,0,0.24,0.2#120,1,0,0
H#0.2,2.5,7,9,0,0.24,0.2#80,0,0,1
H#0.2,2.5,7,9,0,0.24,0.2#120,1,0,0
H#0.2,2.5,7,9,0,0.24,0.2#120,1,0,0
H#0.2,2.5,7,9,0,0.24,0.2#120,1,0,0
H#0.2,2.5,7,9,0,0.24,0.2#180,0,0,0
H#0.2,2.5,7,9,0,0.24,0.2#60,0,0,0
H#0.2,2.5,7,9,0,0.24,0.2#180,0,0,0
H#0.2,2.5,7,9,0,0.24,0.2#60,0,0,0
H#0.2,2.5,7,9,0,0.24,0.2#120,1,0,0
H#0.2,2.5,7,9,0,0.24,0.2#200,0,1,0
H#0.2,2.5,7,9,0,0.24,0.2#240,1,0,0
H#0.2,2.5,7,9,0,0.24,0.2#240,1,0,0
H#0.2,2.5,7,9,0,0.24,0.2#120,1,0,0
H#0.2,2.5,7,9,0,0.24,0.2#60,0,0,0
H#0.2,2.5,7,9,0,0.24,0.2#2160,0,0,0
H#0.2,2.5,7,9,0,0.24,0.2#4780,0,1,0
H#0.2,2.5,7,9,0,0.24,0.2#60,0,0,0
H#0.2,2.5,7,9,0,0.24,0.2#120,1,0,0
H#0.2,2.5,7,9,0,0.24,0.2#460,1,0,0
H#0.2,2.5,7,9,0,0.24,0.2#340,1,0,0
H#0.2,2.5,7,9,0,0.24,0.2#120,1,0,0
H#0.2,2.5,7,9,0,0.24,0.2#80,0,0,1
H#0.2,2.5,7,9,0,0.24,0.2#180,0,0,0
H#0.2,2.5,7,9,0,0.24,0.2#180,0,0,0
H#0.2,2.5,7,9,0,0.24,0.2#60,0,0,0
H#0.2,2.5,7,9,0,0.24,0.2#60,0,0,0
H#0.2,2.5,7,9,0,0.24,0.2#180,1,0,0
H#0.2,2.5,7,9,0,0.24,0.2#180,0,0,0
H#0.2,2.5,7,9,0,0.24,0.2#180,1,0,0
H#0.2,2.5,7,9,0,0.24,0.2#120,1,0,0
H#0.2,2.5,7,9,0,0.24,0.2#60,0,0,0
H#0.2,2.5,7,9,0,0.24,0.2#240,1,0,0
H#0.2,2.5,7,9,0,0.24,0.2#920,1,0,0
H#0.2,2.5,7,9,0,0.24,0.2#200,0,1,0
H#0.2,2.5,7,9,0,0.24,0.2#180,0,0,0
H#0.2,2.5,7,9,0,0.24,0.2#60,0,0,0
H#0.2,2.5,7,9,0,0.24,0.2#120,1,0,0
H#0.2,2.5,7,9,0,0.24,0.2#520,1,0,0
H#0.2,2.5,7,9,0,0.24,0.2#120,1,0,0
H#0.2,2.5,7,9,0,0.24,0.2#240,0,0,0
H#0.2,2.5,7,9,0,0.24,0.2#520,1,0,0
H#0.2,2.5,7,9,0,0.24,0.2#80,0,0,1
H#0.2,2.5,7,9,0,0.24,0.2#3540,0,0,0
H#0.2,2.5,7,9,0,0.24,0.2#238,13,3,0
H#0.2,2.5,7,9,0,0.54,0.2#304,11,7,0
H#0.2,2.5,7,9,0,0.54,0.2#388,17,14,7
H#0.2,2.5,7,9,0,0.54,0.2#242,23,3,2
H#0.2,2.5,7,9,0,0.54,0.4#240,12,12,2
H#0.2,2.5,7,9,0,0.54,1#338,4,1,0
H#0.2,2.5,7,9,0,0.54,1#192,3,0,0
H#0.2,2.5,7,9,0,0.54,1#742,0,2,0
S#0.2,2.5,7,9,0.5#186,2,1,0
S#0.2,2.5,7,9,0.5#188,19,4,0
S#0.2,2.5,7,9,0.5#203,24,6,0
S#0.2,2.5,7,9,0.5#284,20,9,2
S#0.2,2.5,7,9,0.5#186,10,2,2
S#0.2,2.5,7,9,0.5#187,13,2,2
S#0.2,2.5,7,9,0#169,21,2,0
S#0.2,2.5,7,9,0#236,158,68,20
S#0.2,2.5,7,9,0.1#230,190,54,14
S#0.2,2.5,7,9,0.2#240,181,60,16
H#0.2,2.5,7,9,50,0.66,0.2#274,3,1,0
H#0.2,2.5,7,9,50,0.66,0.2#152,2,1,0
H#0.2,2.5,7,9,50,0.66,0.1#268,1,1,0
H#0.2,2.5,7,9,50,0.66,0.1#164,1,0,1
H#0.2,2.5,7,9,50,0.66,0.1#216,2,0,0
H#0.2,2.5,7,9,50,0.66,0.1#132,0,1,0
H#0.2,2.5,7,9,50,0.66,0.1#102,0,0,0
H#0.2,2.5,7,9,50,0.66,0.1#106,4,0,0
H#0.2,2.5,7,9,50,0.66,0.1#651,5,0,3
S#0.2,2.5,7,9,50#368,3,1,0
S#0.2,2.5,7,9,50#598,48,29,6
H#0.2,2.5,7,10,50,0.66,0.4#945,88,63,21
S#0,0,0,0,0#187,17,4,1
S#0.2,2.5,7,10,50#442,67,16,2
