S#0.01,1,1,1,0#249,448,166,33
S#0.01,1,2,1,0#250,447,174,43
S#0.01,1,3,1,0#222,463,119,25
S#0.01,1,4,1,0#236,416,160,26
S#0.01,1,5,1,0#239,446,159,33
S#0.01,1,6,1,0#227,426,136,35
S#0.01,2,1,1,0#224,535,90,34
S#0.01,2,2,1,0#222,410,141,28
S#0.01,2,3,1,0#227,434,138,34
S#0.01,2,4,1,0#237,437,142,35
S#0.01,2,5,1,0#237,459,158,22
S#0.01,2,6,1,0#232,443,139,34
S#0.01,3,1,1,0#222,527,98,33
S#0.01,3,2,1,0#225,512,105,25
S#0.01,3,3,1,0#219,439,126,26
S#0.01,3,4,1,0#232,411,142,27
S#0.01,3,5,1,0#235,471,142,31
S#0.01,3,6,1,0#237,456,148,31
S#0.01,1,1,1,0#257,453,172,32
S#0.01,1,2,1,0#236,450,145,29
S#0.01,1,3,1,0#226,425,149,38
S#0.01,1,4,1,0#220,415,132,28
S#0.01,1,5,1,0#245,448,174,42
S#0.01,1,6,1,0#227,402,142,44
